{
 "cells": [
  {
   "cell_type": "markdown",
   "metadata": {},
   "source": [
    "# CS 4641 Project - TikTok Trends"
   ]
  },
  {
   "cell_type": "markdown",
   "metadata": {},
   "source": [
    "### Shrey Amin, Sam Garvis, Abhinav Joshi, Zoe Maisel, Dimitrios Kosmakos"
   ]
  },
  {
   "cell_type": "code",
   "execution_count": 312,
   "metadata": {},
   "outputs": [
    {
     "name": "stdout",
     "output_type": "stream",
     "text": [
      "['secretID', 'authorMeta.secUid', 'authorMeta.name', 'mentions', 'authorMeta.nickName', 'authorMeta.signature', 'authorMeta.avatar', 'musicMeta.musicName', 'musicMeta.musicAuthor', 'musicMeta.musicAlbum', 'musicMeta.playUrl', 'musicMeta.coverThumb', 'musicMeta.coverMedium', 'musicMeta.coverLarge', 'covers.default', 'covers.origin', 'covers.dynamic', 'webVideoUrl', 'videoUrl', 'videoUrlNoWaterMark', 'videoApiUrlNoWaterMark', 'videoMeta.height', 'videoMeta.width', 'downloaded']\n"
     ]
    }
   ],
   "source": [
    "columns_to_drop=['secretID', 'authorMeta.secUid', 'authorMeta.name', 'mentions','authorMeta.nickName', 'authorMeta.signature', 'authorMeta.avatar', 'musicMeta.musicName', 'musicMeta.musicAuthor', 'musicMeta.musicAlbum', 'musicMeta.playUrl', 'musicMeta.coverThumb', 'musicMeta.coverMedium', 'musicMeta.coverLarge', 'covers.default', 'covers.origin', 'covers.dynamic', 'webVideoUrl', 'videoUrl', 'videoUrlNoWaterMark', 'videoApiUrlNoWaterMark', 'videoMeta.height', 'videoMeta.width', 'downloaded']\n",
    "print(columns_to_drop)"
   ]
  },
  {
   "cell_type": "code",
   "execution_count": 278,
   "metadata": {},
   "outputs": [],
   "source": [
    "# imports\n",
    "import pandas as pd\n",
    "import numpy as np\n",
    "import matplotlib.pyplot as plt\n",
    "import matplotlib\n",
    "import plotly.figure_factory as ff\n",
    "import plotly.express as px\n",
    "import plotly.graph_objects as go\n",
    "from plotly.offline import iplot\n",
    "from ast import literal_eval\n",
    "from sklearn.preprocessing import MultiLabelBinarizer\n",
    "from sklearn.decomposition import PCA\n",
    "from sklearn.cluster import KMeans\n",
    "from sklearn.preprocessing import MinMaxScaler, StandardScaler\n",
    "from sklearn.pipeline import Pipeline"
   ]
  },
  {
   "cell_type": "code",
   "execution_count": 279,
   "metadata": {},
   "outputs": [],
   "source": [
    "# make dataset dataframe\n",
    "def make_dataset_dataframe(dataset):\n",
    "    # ../data/trend_full.csv\n",
    "    df = pd.read_csv(dataset, converters={'hashtags': literal_eval})\n",
    "    return df"
   ]
  },
  {
   "cell_type": "markdown",
   "metadata": {},
   "source": [
    "### Data Cleaning"
   ]
  },
  {
   "cell_type": "code",
   "execution_count": 280,
   "metadata": {},
   "outputs": [],
   "source": [
    "def drop_columns(df, columns_to_drop=[]):\n",
    "    # Drop Columns\n",
    "    return df.drop(columns=columns_to_drop, errors='ignore')"
   ]
  },
  {
   "cell_type": "code",
   "execution_count": 281,
   "metadata": {},
   "outputs": [],
   "source": [
    "# Convert timestamp into day of week and hour of day\n",
    "def convert_timestamp(df):\n",
    "    date = pd.to_datetime(df['createTime'], unit='s')\n",
    "    dayofweek = date.dt.dayofweek\n",
    "    hourofday = date.dt.hour\n",
    "    df.insert(2, \"dayofweek\", dayofweek)\n",
    "    df.insert(2, \"hour\", hourofday)\n",
    "    df = df.drop(columns=['createTime'])\n",
    "    return df"
   ]
  },
  {
   "cell_type": "code",
   "execution_count": 282,
   "metadata": {},
   "outputs": [],
   "source": [
    "def convert_data_types(df):\n",
    "    # Convert data types/handle special cases\n",
    "    # Replace text column with length of characters\n",
    "    df['text'] = df['text'].str.len()\n",
    "    # Replace verified and musicOriginal column with 0 or 1\n",
    "    df[\"authorMeta.verified\"] = df[\"authorMeta.verified\"].astype(int)\n",
    "    df[\"musicMeta.musicOriginal\"] = df[\"musicMeta.musicOriginal\"].astype(int)\n",
    "    return df"
   ]
  },
  {
   "cell_type": "code",
   "execution_count": 283,
   "metadata": {},
   "outputs": [],
   "source": [
    "def separate_hashtags(df):\n",
    "     # Keep hashtags with at least N occurences \n",
    "    df['hashtags'] = df['hashtags'].apply(lambda hashtags: tuple(hashtag['name'] for hashtag in hashtags if len(hashtag['name']) > 0))\n",
    "    mlb = MultiLabelBinarizer()\n",
    "    hashtags = mlb.fit_transform(df['hashtags'])\n",
    "    hashtags = pd.DataFrame(hashtags, columns=mlb.classes_)\n",
    "    n = 500\n",
    "    n_hashtags = hashtags.sum(axis=0).sort_values(ascending=False)\n",
    "    n_hashtags = n_hashtags[n_hashtags > n].index\n",
    "    popular_hashtags = hashtags[n_hashtags]\n",
    "    df['hashtags'] = df['hashtags'].apply(lambda hashtags: len(hashtags))  # replace the original hashtag column with number of hashtags\n",
    "    df.rename(columns={'hashtags': 'numHashtags'}, inplace=True)\n",
    "    df = pd.concat([df, popular_hashtags], axis=1) # concatenate the selected hashtags\n",
    "    return df"
   ]
  },
  {
   "cell_type": "code",
   "execution_count": 284,
   "metadata": {},
   "outputs": [],
   "source": [
    "# Remove null values\n",
    "def remove_null_values(df):\n",
    "    df = df.fillna(0)\n",
    "    return df"
   ]
  },
  {
   "cell_type": "code",
   "execution_count": 285,
   "metadata": {},
   "outputs": [],
   "source": [
    "# Remove duplicate values if there are any\n",
    "def remove_duplicates(df):\n",
    "    return df.drop_duplicates()"
   ]
  },
  {
   "cell_type": "code",
   "execution_count": 286,
   "metadata": {},
   "outputs": [],
   "source": [
    "# Create cleaned CSV\n",
    "def save_cleaned_df_to_csv(df, csv_name):\n",
    "    #'../data/trend_cleaned.csv'\n",
    "    df.to_csv(csv_name, index=False)"
   ]
  },
  {
   "cell_type": "code",
   "execution_count": 287,
   "metadata": {},
   "outputs": [],
   "source": [
    "def run_cleanup_pipeline(dataset, columns_to_drop, csv_output_name=''):\n",
    "    df = make_dataset_dataframe(dataset)\n",
    "    df = drop_columns(df, columns_to_drop=columns_to_drop)\n",
    "    df = convert_timestamp(df)\n",
    "    df = convert_data_types(df)\n",
    "    df = separate_hashtags(df)\n",
    "    df = remove_null_values(df)\n",
    "    df = remove_duplicates(df)\n",
    "    if csv_output_name:\n",
    "        save_cleaned_df_to_csv(df, csv_output_name)\n",
    "    return df"
   ]
  },
  {
   "cell_type": "markdown",
   "metadata": {},
   "source": [
    "#### Clean up popular videos"
   ]
  },
  {
   "cell_type": "code",
   "execution_count": 315,
   "metadata": {},
   "outputs": [
    {
     "data": {
      "text/plain": [
       "Index(['id', 'text', 'hour', 'dayofweek', 'authorMeta.id',\n",
       "       'authorMeta.verified', 'authorMeta.following', 'authorMeta.fans',\n",
       "       'authorMeta.heart', 'authorMeta.video', 'authorMeta.digg',\n",
       "       'musicMeta.musicId', 'musicMeta.musicOriginal', 'musicMeta.duration',\n",
       "       'videoMeta.duration', 'diggCount', 'shareCount', 'playCount',\n",
       "       'commentCount', 'numHashtags', 'fyp', 'foryou', 'foryoupage', 'viral',\n",
       "       'funny', 'comedy'],\n",
       "      dtype='object')"
      ]
     },
     "execution_count": 315,
     "metadata": {},
     "output_type": "execute_result"
    }
   ],
   "source": [
    "columns_to_drop=['secretID', 'authorMeta.secUid', 'authorMeta.name', 'mentions','authorMeta.nickName', 'authorMeta.signature', 'authorMeta.avatar', 'musicMeta.musicName', 'musicMeta.musicAuthor', 'musicMeta.musicAlbum', 'musicMeta.playUrl', 'musicMeta.coverThumb', 'musicMeta.coverMedium', 'musicMeta.coverLarge', 'covers.default', 'covers.origin', 'covers.dynamic', 'webVideoUrl', 'videoUrl', 'videoUrlNoWaterMark', 'videoApiUrlNoWaterMark', 'videoMeta.height', 'videoMeta.width', 'downloaded']\n",
    "dataset='../data/trend_full.csv'\n",
    "csv_output_name='../data/trend_cleaned.csv'\n",
    "popular_df = run_cleanup_pipeline(dataset, columns_to_drop, csv_output_name)\n",
    "df = popular_df\n",
    "df.columns"
   ]
  },
  {
   "cell_type": "markdown",
   "metadata": {},
   "source": [
    "#### Clean up unpopular videos"
   ]
  },
  {
   "cell_type": "code",
   "execution_count": 289,
   "metadata": {},
   "outputs": [],
   "source": [
    "# columns_to_drop=['secretID', 'authorMeta.secUid', 'authorMeta.name', 'mentions','authorMeta.nickName', 'authorMeta.signature', 'authorMeta.avatar', 'musicMeta.musicName', 'musicMeta.musicAuthor', 'musicMeta.musicAlbum', 'musicMeta.playUrl', 'musicMeta.coverThumb', 'musicMeta.coverMedium', 'musicMeta.coverLarge', 'covers.default', 'covers.origin', 'covers.dynamic', 'webVideoUrl', 'videoUrl', 'videoUrlNoWaterMark', 'videoApiUrlNoWaterMark', 'videoMeta.height', 'videoMeta.width', 'downloaded']\n",
    "# dataset='../data/unpopular_tiktoks.csv'\n",
    "# csv_output_name='../data/unpopular_tiktoks_cleaned.csv'\n",
    "# unpopular_df = run_cleanup_pipeline(dataset, columns_to_drop, csv_output_name)\n",
    "# df = unpopular_df"
   ]
  },
  {
   "cell_type": "markdown",
   "metadata": {},
   "source": [
    "#### Clean up unpopular and popular videos after combining them"
   ]
  },
  {
   "cell_type": "code",
   "execution_count": 290,
   "metadata": {},
   "outputs": [],
   "source": [
    "# columns_to_drop=['secretID', 'authorMeta.secUid', 'authorMeta.name', 'mentions','authorMeta.nickName', 'authorMeta.signature', 'authorMeta.avatar', 'musicMeta.musicName', 'musicMeta.musicAuthor', 'musicMeta.musicAlbum', 'musicMeta.playUrl', 'musicMeta.coverThumb', 'musicMeta.coverMedium', 'musicMeta.coverLarge', 'covers.default', 'covers.origin', 'covers.dynamic', 'webVideoUrl', 'videoUrl', 'videoUrlNoWaterMark', 'videoApiUrlNoWaterMark', 'videoMeta.height', 'videoMeta.width', 'downloaded']\n",
    "\n",
    "# popular_df = make_dataset_dataframe('../data/trend_full.csv')\n",
    "# popular_df = drop_columns(popular_df, columns_to_drop)\n",
    "# unpopular_df = make_dataset_dataframe('../data/unpopular_tiktoks.csv')\n",
    "# unpopular_df = drop_columns(unpopular_df, columns_to_drop)\n",
    "\n",
    "# df = pd.concat([popular_df, unpopular_df], ignore_index=True)\n",
    "# df = convert_timestamp(df)\n",
    "# df = convert_data_types(df)\n",
    "# df = separate_hashtags(df)\n",
    "# df = remove_null_values(df)\n",
    "# df = remove_duplicates(df)\n",
    "\n",
    "# df.insert(20, \"popular\", np.where(df['playCount'] >= 500000, 1, 0))\n",
    "# df.to_csv('../data/all_tiktoks_cleaned.csv', index=False)"
   ]
  },
  {
   "cell_type": "markdown",
   "metadata": {},
   "source": [
    "### Exploratory Data Analysis"
   ]
  },
  {
   "cell_type": "code",
   "execution_count": 291,
   "metadata": {},
   "outputs": [],
   "source": [
    "# Scale the data\n",
    "df_scaled = df.iloc[:, :20].drop(columns=['id', 'authorMeta.id', 'musicMeta.musicId'])\n",
    "scaler = MinMaxScaler()\n",
    "df_scaled = pd.DataFrame(scaler.fit_transform(df_scaled), columns=df_scaled.columns)"
   ]
  },
  {
   "cell_type": "code",
   "execution_count": 292,
   "metadata": {},
   "outputs": [
    {
     "data": {
      "application/vnd.plotly.v1+json": {
       "config": {
        "linkText": "Export to plot.ly",
        "plotlyServerURL": "https://plot.ly",
        "showLink": false
       },
       "data": [
        {
         "colorscale": [
          [
           0,
           "#0d0887"
          ],
          [
           0.1111111111111111,
           "#46039f"
          ],
          [
           0.2222222222222222,
           "#7201a8"
          ],
          [
           0.3333333333333333,
           "#9c179e"
          ],
          [
           0.4444444444444444,
           "#bd3786"
          ],
          [
           0.5555555555555556,
           "#d8576b"
          ],
          [
           0.6666666666666666,
           "#ed7953"
          ],
          [
           0.7777777777777778,
           "#fb9f3a"
          ],
          [
           0.8888888888888888,
           "#fdca26"
          ],
          [
           1,
           "#f0f921"
          ]
         ],
         "reversescale": false,
         "showscale": true,
         "type": "heatmap",
         "x": [
          "text",
          "hour",
          "dayofweek",
          "authorMeta.verified",
          "authorMeta.following",
          "authorMeta.fans",
          "authorMeta.heart",
          "authorMeta.video",
          "authorMeta.digg",
          "musicMeta.musicOriginal",
          "musicMeta.duration",
          "videoMeta.duration",
          "diggCount",
          "shareCount",
          "playCount",
          "commentCount",
          "numHashtags"
         ],
         "y": [
          "text",
          "hour",
          "dayofweek",
          "authorMeta.verified",
          "authorMeta.following",
          "authorMeta.fans",
          "authorMeta.heart",
          "authorMeta.video",
          "authorMeta.digg",
          "musicMeta.musicOriginal",
          "musicMeta.duration",
          "videoMeta.duration",
          "diggCount",
          "shareCount",
          "playCount",
          "commentCount",
          "numHashtags"
         ],
         "z": [
          [
           1,
           -0.020178308601838165,
           -0.016709531149114994,
           -0.1497300069475645,
           -0.04168037988664765,
           -0.16646042028190544,
           -0.16900430961159818,
           -0.1144922709239255,
           -0.05613468625176247,
           -0.09901522799622782,
           0.15789999063969767,
           0.19685913677431433,
           -0.06054649980213915,
           -0.014638628726685846,
           -0.060835489003207455,
           -0.05232844635743071,
           0.7189850935105668
          ],
          [
           -0.020178308601838165,
           1,
           -0.024521413188993996,
           0.07348097529063057,
           0.018953410873632073,
           0.06229843478475739,
           0.05699944518027859,
           0.05342936262852549,
           0.0026440197697864603,
           0.02158224118776635,
           -0.001915613413167693,
           0.011764125927240762,
           0.016779899984647323,
           -0.00816076397967652,
           0.016296492547130573,
           0.011151241074635542,
           -0.047477363504979456
          ],
          [
           -0.016709531149114994,
           -0.024521413188993996,
           1,
           0.0005099355872143077,
           0.002390496222256178,
           0.009690662272556293,
           0.0053790984052592755,
           0.014699291500804386,
           0.018826315910245715,
           0.00585750175374316,
           -0.01738874322655891,
           -0.01225584284205432,
           0.011859628241190186,
           0.010452456717134247,
           0.020614036879814338,
           0.003289100363403499,
           -0.013240056364650699
          ],
          [
           -0.1497300069475645,
           0.07348097529063057,
           0.0005099355872143077,
           1,
           0.0028395184595982823,
           0.5936869390602282,
           0.5779732173098927,
           0.37173664403002254,
           0.10086828653718334,
           0.021430100343564403,
           -0.011865044576502469,
           -0.00761901759501348,
           0.14361893890411878,
           -0.02900808746618589,
           0.1489769467897976,
           0.03311926450880007,
           -0.27448282463191676
          ],
          [
           -0.04168037988664765,
           0.018953410873632073,
           0.002390496222256178,
           0.0028395184595982823,
           1,
           0.038796420600166144,
           0.07555290060762548,
           0.19445394304303545,
           0.07881910110872285,
           0.03958908539536889,
           -0.023207406550893765,
           0.007066338086744941,
           -0.019369347360657832,
           -0.0038218081867723947,
           -0.01826373395579175,
           0.006298328427280324,
           -0.014588074246110753
          ],
          [
           -0.16646042028190544,
           0.06229843478475739,
           0.009690662272556293,
           0.5936869390602282,
           0.038796420600166144,
           1,
           0.8487152582743864,
           0.3718840703654205,
           0.0460193350726148,
           0.005787045972645133,
           -0.01887050091906496,
           -0.006074133289848197,
           0.2400082231172024,
           -0.01486934765435913,
           0.26053345718636506,
           0.0890859923194393,
           -0.25240899944245065
          ],
          [
           -0.16900430961159818,
           0.05699944518027859,
           0.0053790984052592755,
           0.5779732173098927,
           0.07555290060762548,
           0.8487152582743864,
           1,
           0.4586619845459975,
           0.0603495763364579,
           0.032647740336638836,
           -0.026159175221127106,
           -0.0084164854399877,
           0.212194620899192,
           -0.018927541902779763,
           0.19633961378942574,
           0.06483723545829966,
           -0.2588719901885829
          ],
          [
           -0.1144922709239255,
           0.05342936262852549,
           0.014699291500804386,
           0.37173664403002254,
           0.19445394304303545,
           0.3718840703654205,
           0.4586619845459975,
           1,
           0.182738698072697,
           0.03796253354698973,
           -0.021154152870959203,
           -0.012005898590420913,
           -0.0012875225960560497,
           -0.06272265074936272,
           0.0025441168746164235,
           -0.010437852109275869,
           -0.17265890927010807
          ],
          [
           -0.05613468625176247,
           0.0026440197697864603,
           0.018826315910245715,
           0.10086828653718334,
           0.07881910110872285,
           0.0460193350726148,
           0.0603495763364579,
           0.182738698072697,
           1,
           0.03584685786444947,
           -0.017046995473401688,
           -0.0033941845748589753,
           -0.0066095594562692135,
           -0.021000747481884678,
           -0.012507584096127206,
           0.006023541611884892,
           -0.07474934199662826
          ],
          [
           -0.09901522799622782,
           0.02158224118776635,
           0.00585750175374316,
           0.021430100343564403,
           0.03958908539536889,
           0.005787045972645133,
           0.032647740336638836,
           0.03796253354698973,
           0.03584685786444947,
           1,
           -0.3985657047796868,
           0.011822509835830922,
           0.03944772290809986,
           0.04448323701112141,
           0.013652095115653112,
           0.027120605089141558,
           -0.0670426819884663
          ],
          [
           0.15789999063969767,
           -0.001915613413167693,
           -0.01738874322655891,
           -0.011865044576502469,
           -0.023207406550893765,
           -0.01887050091906496,
           -0.026159175221127106,
           -0.021154152870959203,
           -0.017046995473401688,
           -0.3985657047796868,
           1,
           0.5048369357679873,
           0.008392878084736198,
           -0.0011659883567950067,
           -0.01093455933199578,
           -0.017778607254671598,
           0.09357754437060789
          ],
          [
           0.19685913677431433,
           0.011764125927240762,
           -0.01225584284205432,
           -0.00761901759501348,
           0.007066338086744941,
           -0.006074133289848197,
           -0.0084164854399877,
           -0.012005898590420913,
           -0.0033941845748589753,
           0.011822509835830922,
           0.5048369357679873,
           1,
           0.07171857728677936,
           0.04407764294142311,
           0.021538266055841616,
           -0.004378340312712382,
           0.11094109212332763
          ],
          [
           -0.06054649980213915,
           0.016779899984647323,
           0.011859628241190186,
           0.14361893890411878,
           -0.019369347360657832,
           0.2400082231172024,
           0.212194620899192,
           -0.0012875225960560497,
           -0.0066095594562692135,
           0.03944772290809986,
           0.008392878084736198,
           0.07171857728677936,
           1,
           0.5906513018739562,
           0.8678504873064198,
           0.5504370414602754,
           -0.08933113558088514
          ],
          [
           -0.014638628726685846,
           -0.00816076397967652,
           0.010452456717134247,
           -0.02900808746618589,
           -0.0038218081867723947,
           -0.01486934765435913,
           -0.018927541902779763,
           -0.06272265074936272,
           -0.021000747481884678,
           0.04448323701112141,
           -0.0011659883567950067,
           0.04407764294142311,
           0.5906513018739562,
           1,
           0.5351326892921845,
           0.43512692895026334,
           0.006609171637543946
          ],
          [
           -0.060835489003207455,
           0.016296492547130573,
           0.020614036879814338,
           0.1489769467897976,
           -0.01826373395579175,
           0.26053345718636506,
           0.19633961378942574,
           0.0025441168746164235,
           -0.012507584096127206,
           0.013652095115653112,
           -0.01093455933199578,
           0.021538266055841616,
           0.8678504873064198,
           0.5351326892921845,
           1,
           0.4498883877947972,
           -0.0668200883554235
          ],
          [
           -0.05232844635743071,
           0.011151241074635542,
           0.003289100363403499,
           0.03311926450880007,
           0.006298328427280324,
           0.0890859923194393,
           0.06483723545829966,
           -0.010437852109275869,
           0.006023541611884892,
           0.027120605089141558,
           -0.017778607254671598,
           -0.004378340312712382,
           0.5504370414602754,
           0.43512692895026334,
           0.4498883877947972,
           1,
           -0.04572671381596371
          ],
          [
           0.7189850935105668,
           -0.047477363504979456,
           -0.013240056364650699,
           -0.27448282463191676,
           -0.014588074246110753,
           -0.25240899944245065,
           -0.2588719901885829,
           -0.17265890927010807,
           -0.07474934199662826,
           -0.0670426819884663,
           0.09357754437060789,
           0.11094109212332763,
           -0.08933113558088514,
           0.006609171637543946,
           -0.0668200883554235,
           -0.04572671381596371,
           1
          ]
         ]
        }
       ],
       "layout": {
        "annotations": [
         {
          "font": {
           "color": "#000000"
          },
          "showarrow": false,
          "text": "1.0",
          "x": "text",
          "xref": "x",
          "y": "text",
          "yref": "y"
         },
         {
          "font": {
           "color": "#FFFFFF"
          },
          "showarrow": false,
          "text": "-0.02",
          "x": "hour",
          "xref": "x",
          "y": "text",
          "yref": "y"
         },
         {
          "font": {
           "color": "#FFFFFF"
          },
          "showarrow": false,
          "text": "-0.02",
          "x": "dayofweek",
          "xref": "x",
          "y": "text",
          "yref": "y"
         },
         {
          "font": {
           "color": "#FFFFFF"
          },
          "showarrow": false,
          "text": "-0.15",
          "x": "authorMeta.verified",
          "xref": "x",
          "y": "text",
          "yref": "y"
         },
         {
          "font": {
           "color": "#FFFFFF"
          },
          "showarrow": false,
          "text": "-0.04",
          "x": "authorMeta.following",
          "xref": "x",
          "y": "text",
          "yref": "y"
         },
         {
          "font": {
           "color": "#FFFFFF"
          },
          "showarrow": false,
          "text": "-0.17",
          "x": "authorMeta.fans",
          "xref": "x",
          "y": "text",
          "yref": "y"
         },
         {
          "font": {
           "color": "#FFFFFF"
          },
          "showarrow": false,
          "text": "-0.17",
          "x": "authorMeta.heart",
          "xref": "x",
          "y": "text",
          "yref": "y"
         },
         {
          "font": {
           "color": "#FFFFFF"
          },
          "showarrow": false,
          "text": "-0.11",
          "x": "authorMeta.video",
          "xref": "x",
          "y": "text",
          "yref": "y"
         },
         {
          "font": {
           "color": "#FFFFFF"
          },
          "showarrow": false,
          "text": "-0.06",
          "x": "authorMeta.digg",
          "xref": "x",
          "y": "text",
          "yref": "y"
         },
         {
          "font": {
           "color": "#FFFFFF"
          },
          "showarrow": false,
          "text": "-0.1",
          "x": "musicMeta.musicOriginal",
          "xref": "x",
          "y": "text",
          "yref": "y"
         },
         {
          "font": {
           "color": "#FFFFFF"
          },
          "showarrow": false,
          "text": "0.16",
          "x": "musicMeta.duration",
          "xref": "x",
          "y": "text",
          "yref": "y"
         },
         {
          "font": {
           "color": "#FFFFFF"
          },
          "showarrow": false,
          "text": "0.2",
          "x": "videoMeta.duration",
          "xref": "x",
          "y": "text",
          "yref": "y"
         },
         {
          "font": {
           "color": "#FFFFFF"
          },
          "showarrow": false,
          "text": "-0.06",
          "x": "diggCount",
          "xref": "x",
          "y": "text",
          "yref": "y"
         },
         {
          "font": {
           "color": "#FFFFFF"
          },
          "showarrow": false,
          "text": "-0.01",
          "x": "shareCount",
          "xref": "x",
          "y": "text",
          "yref": "y"
         },
         {
          "font": {
           "color": "#FFFFFF"
          },
          "showarrow": false,
          "text": "-0.06",
          "x": "playCount",
          "xref": "x",
          "y": "text",
          "yref": "y"
         },
         {
          "font": {
           "color": "#FFFFFF"
          },
          "showarrow": false,
          "text": "-0.05",
          "x": "commentCount",
          "xref": "x",
          "y": "text",
          "yref": "y"
         },
         {
          "font": {
           "color": "#000000"
          },
          "showarrow": false,
          "text": "0.72",
          "x": "numHashtags",
          "xref": "x",
          "y": "text",
          "yref": "y"
         },
         {
          "font": {
           "color": "#FFFFFF"
          },
          "showarrow": false,
          "text": "-0.02",
          "x": "text",
          "xref": "x",
          "y": "hour",
          "yref": "y"
         },
         {
          "font": {
           "color": "#000000"
          },
          "showarrow": false,
          "text": "1.0",
          "x": "hour",
          "xref": "x",
          "y": "hour",
          "yref": "y"
         },
         {
          "font": {
           "color": "#FFFFFF"
          },
          "showarrow": false,
          "text": "-0.02",
          "x": "dayofweek",
          "xref": "x",
          "y": "hour",
          "yref": "y"
         },
         {
          "font": {
           "color": "#FFFFFF"
          },
          "showarrow": false,
          "text": "0.07",
          "x": "authorMeta.verified",
          "xref": "x",
          "y": "hour",
          "yref": "y"
         },
         {
          "font": {
           "color": "#FFFFFF"
          },
          "showarrow": false,
          "text": "0.02",
          "x": "authorMeta.following",
          "xref": "x",
          "y": "hour",
          "yref": "y"
         },
         {
          "font": {
           "color": "#FFFFFF"
          },
          "showarrow": false,
          "text": "0.06",
          "x": "authorMeta.fans",
          "xref": "x",
          "y": "hour",
          "yref": "y"
         },
         {
          "font": {
           "color": "#FFFFFF"
          },
          "showarrow": false,
          "text": "0.06",
          "x": "authorMeta.heart",
          "xref": "x",
          "y": "hour",
          "yref": "y"
         },
         {
          "font": {
           "color": "#FFFFFF"
          },
          "showarrow": false,
          "text": "0.05",
          "x": "authorMeta.video",
          "xref": "x",
          "y": "hour",
          "yref": "y"
         },
         {
          "font": {
           "color": "#FFFFFF"
          },
          "showarrow": false,
          "text": "0.0",
          "x": "authorMeta.digg",
          "xref": "x",
          "y": "hour",
          "yref": "y"
         },
         {
          "font": {
           "color": "#FFFFFF"
          },
          "showarrow": false,
          "text": "0.02",
          "x": "musicMeta.musicOriginal",
          "xref": "x",
          "y": "hour",
          "yref": "y"
         },
         {
          "font": {
           "color": "#FFFFFF"
          },
          "showarrow": false,
          "text": "-0.0",
          "x": "musicMeta.duration",
          "xref": "x",
          "y": "hour",
          "yref": "y"
         },
         {
          "font": {
           "color": "#FFFFFF"
          },
          "showarrow": false,
          "text": "0.01",
          "x": "videoMeta.duration",
          "xref": "x",
          "y": "hour",
          "yref": "y"
         },
         {
          "font": {
           "color": "#FFFFFF"
          },
          "showarrow": false,
          "text": "0.02",
          "x": "diggCount",
          "xref": "x",
          "y": "hour",
          "yref": "y"
         },
         {
          "font": {
           "color": "#FFFFFF"
          },
          "showarrow": false,
          "text": "-0.01",
          "x": "shareCount",
          "xref": "x",
          "y": "hour",
          "yref": "y"
         },
         {
          "font": {
           "color": "#FFFFFF"
          },
          "showarrow": false,
          "text": "0.02",
          "x": "playCount",
          "xref": "x",
          "y": "hour",
          "yref": "y"
         },
         {
          "font": {
           "color": "#FFFFFF"
          },
          "showarrow": false,
          "text": "0.01",
          "x": "commentCount",
          "xref": "x",
          "y": "hour",
          "yref": "y"
         },
         {
          "font": {
           "color": "#FFFFFF"
          },
          "showarrow": false,
          "text": "-0.05",
          "x": "numHashtags",
          "xref": "x",
          "y": "hour",
          "yref": "y"
         },
         {
          "font": {
           "color": "#FFFFFF"
          },
          "showarrow": false,
          "text": "-0.02",
          "x": "text",
          "xref": "x",
          "y": "dayofweek",
          "yref": "y"
         },
         {
          "font": {
           "color": "#FFFFFF"
          },
          "showarrow": false,
          "text": "-0.02",
          "x": "hour",
          "xref": "x",
          "y": "dayofweek",
          "yref": "y"
         },
         {
          "font": {
           "color": "#000000"
          },
          "showarrow": false,
          "text": "1.0",
          "x": "dayofweek",
          "xref": "x",
          "y": "dayofweek",
          "yref": "y"
         },
         {
          "font": {
           "color": "#FFFFFF"
          },
          "showarrow": false,
          "text": "0.0",
          "x": "authorMeta.verified",
          "xref": "x",
          "y": "dayofweek",
          "yref": "y"
         },
         {
          "font": {
           "color": "#FFFFFF"
          },
          "showarrow": false,
          "text": "0.0",
          "x": "authorMeta.following",
          "xref": "x",
          "y": "dayofweek",
          "yref": "y"
         },
         {
          "font": {
           "color": "#FFFFFF"
          },
          "showarrow": false,
          "text": "0.01",
          "x": "authorMeta.fans",
          "xref": "x",
          "y": "dayofweek",
          "yref": "y"
         },
         {
          "font": {
           "color": "#FFFFFF"
          },
          "showarrow": false,
          "text": "0.01",
          "x": "authorMeta.heart",
          "xref": "x",
          "y": "dayofweek",
          "yref": "y"
         },
         {
          "font": {
           "color": "#FFFFFF"
          },
          "showarrow": false,
          "text": "0.01",
          "x": "authorMeta.video",
          "xref": "x",
          "y": "dayofweek",
          "yref": "y"
         },
         {
          "font": {
           "color": "#FFFFFF"
          },
          "showarrow": false,
          "text": "0.02",
          "x": "authorMeta.digg",
          "xref": "x",
          "y": "dayofweek",
          "yref": "y"
         },
         {
          "font": {
           "color": "#FFFFFF"
          },
          "showarrow": false,
          "text": "0.01",
          "x": "musicMeta.musicOriginal",
          "xref": "x",
          "y": "dayofweek",
          "yref": "y"
         },
         {
          "font": {
           "color": "#FFFFFF"
          },
          "showarrow": false,
          "text": "-0.02",
          "x": "musicMeta.duration",
          "xref": "x",
          "y": "dayofweek",
          "yref": "y"
         },
         {
          "font": {
           "color": "#FFFFFF"
          },
          "showarrow": false,
          "text": "-0.01",
          "x": "videoMeta.duration",
          "xref": "x",
          "y": "dayofweek",
          "yref": "y"
         },
         {
          "font": {
           "color": "#FFFFFF"
          },
          "showarrow": false,
          "text": "0.01",
          "x": "diggCount",
          "xref": "x",
          "y": "dayofweek",
          "yref": "y"
         },
         {
          "font": {
           "color": "#FFFFFF"
          },
          "showarrow": false,
          "text": "0.01",
          "x": "shareCount",
          "xref": "x",
          "y": "dayofweek",
          "yref": "y"
         },
         {
          "font": {
           "color": "#FFFFFF"
          },
          "showarrow": false,
          "text": "0.02",
          "x": "playCount",
          "xref": "x",
          "y": "dayofweek",
          "yref": "y"
         },
         {
          "font": {
           "color": "#FFFFFF"
          },
          "showarrow": false,
          "text": "0.0",
          "x": "commentCount",
          "xref": "x",
          "y": "dayofweek",
          "yref": "y"
         },
         {
          "font": {
           "color": "#FFFFFF"
          },
          "showarrow": false,
          "text": "-0.01",
          "x": "numHashtags",
          "xref": "x",
          "y": "dayofweek",
          "yref": "y"
         },
         {
          "font": {
           "color": "#FFFFFF"
          },
          "showarrow": false,
          "text": "-0.15",
          "x": "text",
          "xref": "x",
          "y": "authorMeta.verified",
          "yref": "y"
         },
         {
          "font": {
           "color": "#FFFFFF"
          },
          "showarrow": false,
          "text": "0.07",
          "x": "hour",
          "xref": "x",
          "y": "authorMeta.verified",
          "yref": "y"
         },
         {
          "font": {
           "color": "#FFFFFF"
          },
          "showarrow": false,
          "text": "0.0",
          "x": "dayofweek",
          "xref": "x",
          "y": "authorMeta.verified",
          "yref": "y"
         },
         {
          "font": {
           "color": "#000000"
          },
          "showarrow": false,
          "text": "1.0",
          "x": "authorMeta.verified",
          "xref": "x",
          "y": "authorMeta.verified",
          "yref": "y"
         },
         {
          "font": {
           "color": "#FFFFFF"
          },
          "showarrow": false,
          "text": "0.0",
          "x": "authorMeta.following",
          "xref": "x",
          "y": "authorMeta.verified",
          "yref": "y"
         },
         {
          "font": {
           "color": "#000000"
          },
          "showarrow": false,
          "text": "0.59",
          "x": "authorMeta.fans",
          "xref": "x",
          "y": "authorMeta.verified",
          "yref": "y"
         },
         {
          "font": {
           "color": "#000000"
          },
          "showarrow": false,
          "text": "0.58",
          "x": "authorMeta.heart",
          "xref": "x",
          "y": "authorMeta.verified",
          "yref": "y"
         },
         {
          "font": {
           "color": "#000000"
          },
          "showarrow": false,
          "text": "0.37",
          "x": "authorMeta.video",
          "xref": "x",
          "y": "authorMeta.verified",
          "yref": "y"
         },
         {
          "font": {
           "color": "#FFFFFF"
          },
          "showarrow": false,
          "text": "0.1",
          "x": "authorMeta.digg",
          "xref": "x",
          "y": "authorMeta.verified",
          "yref": "y"
         },
         {
          "font": {
           "color": "#FFFFFF"
          },
          "showarrow": false,
          "text": "0.02",
          "x": "musicMeta.musicOriginal",
          "xref": "x",
          "y": "authorMeta.verified",
          "yref": "y"
         },
         {
          "font": {
           "color": "#FFFFFF"
          },
          "showarrow": false,
          "text": "-0.01",
          "x": "musicMeta.duration",
          "xref": "x",
          "y": "authorMeta.verified",
          "yref": "y"
         },
         {
          "font": {
           "color": "#FFFFFF"
          },
          "showarrow": false,
          "text": "-0.01",
          "x": "videoMeta.duration",
          "xref": "x",
          "y": "authorMeta.verified",
          "yref": "y"
         },
         {
          "font": {
           "color": "#FFFFFF"
          },
          "showarrow": false,
          "text": "0.14",
          "x": "diggCount",
          "xref": "x",
          "y": "authorMeta.verified",
          "yref": "y"
         },
         {
          "font": {
           "color": "#FFFFFF"
          },
          "showarrow": false,
          "text": "-0.03",
          "x": "shareCount",
          "xref": "x",
          "y": "authorMeta.verified",
          "yref": "y"
         },
         {
          "font": {
           "color": "#FFFFFF"
          },
          "showarrow": false,
          "text": "0.15",
          "x": "playCount",
          "xref": "x",
          "y": "authorMeta.verified",
          "yref": "y"
         },
         {
          "font": {
           "color": "#FFFFFF"
          },
          "showarrow": false,
          "text": "0.03",
          "x": "commentCount",
          "xref": "x",
          "y": "authorMeta.verified",
          "yref": "y"
         },
         {
          "font": {
           "color": "#FFFFFF"
          },
          "showarrow": false,
          "text": "-0.27",
          "x": "numHashtags",
          "xref": "x",
          "y": "authorMeta.verified",
          "yref": "y"
         },
         {
          "font": {
           "color": "#FFFFFF"
          },
          "showarrow": false,
          "text": "-0.04",
          "x": "text",
          "xref": "x",
