{
 "cells": [
  {
   "cell_type": "markdown",
   "metadata": {},
   "source": [
    "# CS 4641 Project - TikTok Trends"
   ]
  },
  {
   "cell_type": "markdown",
   "metadata": {},
   "source": [
    "### Shrey Amin, Sam Garvis, Abhinav Joshi, Zoe Maisel, Dimitrios Kosmakos"
   ]
  },
  {
   "cell_type": "code",
   "execution_count": 405,
   "metadata": {},
   "outputs": [],
   "source": [
    "# imports\n",
    "import pandas as pd\n",
    "import numpy as np\n",
    "import matplotlib.pyplot as plt\n",
    "import matplotlib\n",
    "import plotly.figure_factory as ff\n",
    "import plotly.express as px\n",
    "import plotly.graph_objects as go\n",
    "from plotly.offline import iplot\n",
    "from ast import literal_eval\n",
    "from sklearn.preprocessing import MultiLabelBinarizer\n",
    "from sklearn.decomposition import PCA\n",
    "from sklearn.cluster import KMeans\n",
    "from sklearn.preprocessing import MinMaxScaler, StandardScaler\n",
    "from sklearn.pipeline import Pipeline"
   ]
  },
  {
   "cell_type": "code",
   "execution_count": 406,
   "metadata": {},
   "outputs": [],
   "source": [
    "# make dataset dataframe\n",
    "def make_dataset_dataframe(dataset):\n",
    "    # ../data/trend_full.csv\n",
    "    df = pd.read_csv(dataset, converters={'hashtags': literal_eval})\n",
    "    return df"
   ]
  },
  {
   "cell_type": "markdown",
   "metadata": {},
   "source": [
    "### Data Cleaning"
   ]
  },
  {
   "cell_type": "code",
   "execution_count": 407,
   "metadata": {},
   "outputs": [],
   "source": [
    "def drop_columns(df, columns_to_drop=[]):\n",
    "    # Drop Columns\n",
    "    return df.drop(columns=columns_to_drop, errors='ignore')"
   ]
  },
  {
   "cell_type": "code",
   "execution_count": 408,
   "metadata": {},
   "outputs": [],
   "source": [
    "# Convert timestamp into day of week and hour of day\n",
    "def convert_timestamp(df):\n",
    "    date = pd.to_datetime(df['createTime'], unit='s')\n",
    "    dayofweek = date.dt.dayofweek\n",
    "    hourofday = date.dt.hour\n",
    "    df.insert(2, \"dayofweek\", dayofweek)\n",
    "    df.insert(2, \"hour\", hourofday)\n",
    "    df = df.drop(columns=['createTime'])\n",
    "    return df"
   ]
  },
  {
   "cell_type": "code",
   "execution_count": 409,
   "metadata": {},
   "outputs": [],
   "source": [
    "def convert_data_types(df):\n",
    "    # Convert data types/handle special cases\n",
    "    # Replace text column with length of characters\n",
    "    df['text'] = df['text'].str.len()\n",
    "    # Replace verified and musicOriginal column with 0 or 1\n",
    "    df[\"authorMeta.verified\"] = df[\"authorMeta.verified\"].astype(int)\n",
    "    df[\"musicMeta.musicOriginal\"] = df[\"musicMeta.musicOriginal\"].astype(int)\n",
    "    return df"
   ]
  },
  {
   "cell_type": "code",
   "execution_count": 410,
   "metadata": {},
   "outputs": [],
   "source": [
    "def separate_hashtags(df):\n",
    "     # Keep hashtags with at least N occurences \n",
    "    df['hashtags'] = df['hashtags'].apply(lambda hashtags: tuple(hashtag['name'] for hashtag in hashtags if len(hashtag['name']) > 0))\n",
    "    mlb = MultiLabelBinarizer()\n",
    "    hashtags = mlb.fit_transform(df['hashtags'])\n",
    "    hashtags = pd.DataFrame(hashtags, columns=mlb.classes_)\n",
    "    n = 1000\n",
    "    n_hashtags = hashtags.sum(axis=0).sort_values(ascending=False)\n",
    "    n_hashtags = n_hashtags[n_hashtags > n].index\n",
    "    popular_hashtags = hashtags[n_hashtags]\n",
    "    df['hashtags'] = df['hashtags'].apply(lambda hashtags: len(hashtags))  # replace the original hashtag column with number of hashtags\n",
    "    df.rename(columns={'hashtags': 'numHashtags'}, inplace=True)\n",
    "    df = pd.concat([df, popular_hashtags], axis=1) # concatenate the selected hashtags\n",
    "    return df"
   ]
  },
  {
   "cell_type": "code",
   "execution_count": 411,
   "metadata": {},
   "outputs": [],
   "source": [
    "# Remove null values\n",
    "def remove_null_values(df):\n",
    "    df = df.fillna(0)\n",
    "    return df"
   ]
  },
  {
   "cell_type": "code",
   "execution_count": 412,
   "metadata": {},
   "outputs": [],
   "source": [
    "# Remove duplicate values if there are any\n",
    "def remove_duplicates(df):\n",
    "    return df.drop_duplicates()"
   ]
  },
  {
   "cell_type": "code",
   "execution_count": 413,
   "metadata": {},
   "outputs": [],
   "source": [
    "# Create cleaned CSV\n",
    "def save_cleaned_df_to_csv(df, csv_name):\n",
    "    #'../data/trend_cleaned.csv'\n",
    "    df.to_csv(csv_name, index=False)"
   ]
  },
  {
   "cell_type": "code",
   "execution_count": 414,
   "metadata": {},
   "outputs": [],
   "source": [
    "def run_cleanup_pipeline(dataset, columns_to_drop, csv_output_name=''):\n",
    "    df = make_dataset_dataframe(dataset)\n",
    "    df = drop_columns(df, columns_to_drop=columns_to_drop)\n",
    "    df = convert_timestamp(df)\n",
    "    df = convert_data_types(df)\n",
    "    df = separate_hashtags(df)\n",
    "    df = remove_null_values(df)\n",
    "    df = remove_duplicates(df)\n",
    "    if csv_output_name:\n",
    "        save_cleaned_df_to_csv(df, csv_output_name)\n",
    "    return df"
   ]
  },
  {
   "cell_type": "markdown",
   "metadata": {},
   "source": [
    "#### Clean up popular videos"
   ]
  },
  {
   "cell_type": "code",
   "execution_count": 415,
   "metadata": {},
   "outputs": [],
   "source": [
    "# columns_to_drop=['secretID', 'authorMeta.secUid', 'authorMeta.name', 'mentions','authorMeta.nickName', 'authorMeta.signature', 'authorMeta.avatar', 'musicMeta.musicName', 'musicMeta.musicAuthor', 'musicMeta.musicAlbum', 'musicMeta.playUrl', 'musicMeta.coverThumb', 'musicMeta.coverMedium', 'musicMeta.coverLarge', 'covers.default', 'covers.origin', 'covers.dynamic', 'webVideoUrl', 'videoUrl', 'videoUrlNoWaterMark', 'videoApiUrlNoWaterMark', 'videoMeta.height', 'videoMeta.width', 'downloaded']\n",
    "# dataset='../data/trend_full.csv'\n",
    "# csv_output_name='../data/trend_cleaned.csv'\n",
    "# popular_df = run_cleanup_pipeline(dataset, columns_to_drop, csv_output_name)\n",
    "# df = popular_df"
   ]
  },
  {
   "cell_type": "markdown",
   "metadata": {},
   "source": [
    "#### Clean up unpopular videos"
   ]
  },
  {
   "cell_type": "code",
   "execution_count": 416,
   "metadata": {},
   "outputs": [],
   "source": [
    "# columns_to_drop=['secretID', 'authorMeta.secUid', 'authorMeta.name', 'mentions','authorMeta.nickName', 'authorMeta.signature', 'authorMeta.avatar', 'musicMeta.musicName', 'musicMeta.musicAuthor', 'musicMeta.musicAlbum', 'musicMeta.playUrl', 'musicMeta.coverThumb', 'musicMeta.coverMedium', 'musicMeta.coverLarge', 'covers.default', 'covers.origin', 'covers.dynamic', 'webVideoUrl', 'videoUrl', 'videoUrlNoWaterMark', 'videoApiUrlNoWaterMark', 'videoMeta.height', 'videoMeta.width', 'downloaded']\n",
    "# dataset='../data/unpopular_tiktoks.csv'\n",
    "# csv_output_name='../data/unpopular_tiktoks_cleaned.csv'\n",
    "# unpopular_df = run_cleanup_pipeline(dataset, columns_to_drop, csv_output_name)\n",
    "# df = unpopular_df"
   ]
  },
  {
   "cell_type": "markdown",
   "metadata": {},
   "source": [
    "#### Clean up unpopular and popular videos after combining them"
   ]
  },
  {
   "cell_type": "code",
   "execution_count": 417,
   "metadata": {},
   "outputs": [],
   "source": [
    "columns_to_drop=['secretID', 'authorMeta.secUid', 'authorMeta.name', 'mentions','authorMeta.nickName', 'authorMeta.signature', 'authorMeta.avatar', 'musicMeta.musicName', 'musicMeta.musicAuthor', 'musicMeta.musicAlbum', 'musicMeta.playUrl', 'musicMeta.coverThumb', 'musicMeta.coverMedium', 'musicMeta.coverLarge', 'covers.default', 'covers.origin', 'covers.dynamic', 'webVideoUrl', 'videoUrl', 'videoUrlNoWaterMark', 'videoApiUrlNoWaterMark', 'videoMeta.height', 'videoMeta.width', 'downloaded']\n",
    "\n",
    "popular_df = make_dataset_dataframe('../data/trend_full.csv')\n",
    "popular_df = drop_columns(popular_df, columns_to_drop)\n",
    "unpopular_df = make_dataset_dataframe('../data/unpopular_tiktoks.csv')\n",
    "unpopular_df = drop_columns(unpopular_df, columns_to_drop)\n",
    "\n",
    "df = pd.concat([popular_df, unpopular_df], ignore_index=True)\n",
    "df = convert_timestamp(df)\n",
    "df = convert_data_types(df)\n",
    "df = separate_hashtags(df)\n",
    "df = remove_null_values(df)\n",
    "df = remove_duplicates(df)\n",
    "df.to_csv('../data/all_tiktoks_cleaned.csv', index=False)"
   ]
  },
  {
   "cell_type": "markdown",
   "metadata": {},
   "source": [
    "### Exploratory Data Analysis"
   ]
  },
  {
   "cell_type": "code",
   "execution_count": 418,
   "metadata": {},
   "outputs": [],
   "source": [
    "# Scale the data\n",
    "df_scaled = df.iloc[:, :20].drop(columns=['id', 'authorMeta.id', 'musicMeta.musicId'])\n",
    "scaler = MinMaxScaler()\n",
    "df_scaled = pd.DataFrame(scaler.fit_transform(df_scaled), columns=df_scaled.columns)"
   ]
  },
  {
   "cell_type": "code",
   "execution_count": 419,
   "metadata": {},
   "outputs": [
    {
     "data": {
      "application/vnd.plotly.v1+json": {
       "config": {
        "linkText": "Export to plot.ly",
        "plotlyServerURL": "https://plot.ly",
        "showLink": false
       },
       "data": [
        {
         "colorscale": [
          [
           0,
           "#0d0887"
          ],
          [
           0.1111111111111111,
           "#46039f"
          ],
          [
           0.2222222222222222,
           "#7201a8"
          ],
          [
           0.3333333333333333,
           "#9c179e"
          ],
          [
           0.4444444444444444,
           "#bd3786"
          ],
          [
           0.5555555555555556,
           "#d8576b"
          ],
          [
           0.6666666666666666,
           "#ed7953"
          ],
          [
           0.7777777777777778,
           "#fb9f3a"
          ],
          [
           0.8888888888888888,
           "#fdca26"
          ],
          [
           1,
           "#f0f921"
          ]
         ],
         "reversescale": false,
         "showscale": true,
         "type": "heatmap",
         "x": [
          "text",
          "hour",
          "dayofweek",
          "authorMeta.verified",
          "authorMeta.following",
          "authorMeta.fans",
          "authorMeta.heart",
          "authorMeta.video",
          "authorMeta.digg",
          "musicMeta.musicOriginal",
          "musicMeta.duration",
          "videoMeta.duration",
          "diggCount",
          "shareCount",
          "playCount",
          "commentCount",
          "numHashtags"
         ],
         "y": [
          "text",
          "hour",
          "dayofweek",
          "authorMeta.verified",
          "authorMeta.following",
          "authorMeta.fans",
          "authorMeta.heart",
          "authorMeta.video",
          "authorMeta.digg",
          "musicMeta.musicOriginal",
          "musicMeta.duration",
          "videoMeta.duration",
          "diggCount",
          "shareCount",
          "playCount",
          "commentCount",
          "numHashtags"
         ],
         "z": [
          [
           1,
           0.05648827474918542,
           -0.026953622885007317,
           0.024916156435958275,
           -0.0691934774105442,
           0.010692846999677305,
           0.017154858025343,
           -0.07548839700705266,
           0.0322816452900048,
           -0.07069787311919341,
           0.13948886874557076,
           0.18532936738414152,
           0.013298015310870027,
           0.008407695619659976,
           0.005340050843154128,
           0.013228358004445431,
           0.7180619403696856
          ],
          [
           0.05648827474918542,
           1,
           -0.015936357777608337,
           0.022414492266216904,
           0.02663277587479899,
           0.02659691027485264,
           0.04503314155460374,
           0.011083945308497005,
           0.048256783634190684,
           -0.007310035095889388,
           0.009448104991314163,
           0.011192808034322455,
           -0.0025397708705458106,
           -0.010394315510883139,
           -0.0021091991846041314,
           0.0039033093072303885,
           0.046457641574981744
          ],
          [
           -0.026953622885007317,
           -0.015936357777608337,
           1,
           -0.015004745974435943,
           0.013523069019129783,
           -0.009558263771184008,
           -0.018441444824969264,
           0.02215992037982465,
           0.015915645887547486,
           0.007183975652998685,
           -0.026935901725311788,
           -0.02299701061981066,
           0.0026431062150987037,
           0.0014430378708235705,
           -0.0016969636854584746,
           -0.0010881564233982818,
           -0.020768797380149587
          ],
          [
           0.024916156435958275,
           0.022414492266216904,
           -0.015004745974435943,
           1,
           -0.038684577169259576,
           0.3806730161975541,
           0.4524805690420615,
           0.0917972845675095,
           -0.05709998569858972,
           -0.021385588087483826,
           0.042786975352854036,
           0.04895701966917143,
           0.0475100017158117,
           0.008883743869347236,
           0.03672979283151778,
           0.035106426439795294,
           -0.05696573321087149
          ],
          [
           -0.0691934774105442,
           0.02663277587479899,
           0.013523069019129783,
           -0.038684577169259576,
           1,
           -0.022396936644976325,
           -0.04569949213207548,
           0.2846503437611361,
           0.3476696775864217,
           0.0005863712863413805,
           0.0017441143490765925,
           -0.006000451068129339,
           -0.027368775413079444,
           -0.0180175396377987,
           -0.026176659268867013,
           -0.02070478098452184,
           -0.06271364811043358
          ],
          [
           0.010692846999677305,
           0.02659691027485264,
           -0.009558263771184008,
           0.3806730161975541,
           -0.022396936644976325,
           1,
           0.7470496969007466,
           0.07000895812278489,
           -0.044662587251918136,
           0.007512658771819468,
           0.03782657664452304,
           0.05202976537456148,
           0.07317130234703963,
           0.013311297621650876,
           0.06638092435304306,
           0.049046343673802846,
           -0.06658709808555557
          ],
          [
           0.017154858025343,
           0.04503314155460374,
           -0.018441444824969264,
           0.4524805690420615,
           -0.04569949213207548,
           0.7470496969007466,
           1,
           0.2586838367722404,
           0.0061520537408247655,
           0.010574329758764864,
           0.05139295828660137,
           0.05785752992461572,
           0.09107598415662721,
           0.026041540234183952,
           0.06482344093226115,
           0.063030095137536,
           -0.07955365003265802
          ],
          [
           -0.07548839700705266,
           0.011083945308497005,
           0.02215992037982465,
           0.0917972845675095,
           0.2846503437611361,
           0.07000895812278489,
           0.2586838367722404,
           1,
           0.22202388330125636,
           -0.030196685920727266,
           0.01924718746098039,
           -0.005241024878924008,
           -0.04479932459508291,
           -0.031405470915381734,
           -0.040836434026088574,
           -0.03795944369296732,
           -0.09143020200671186
          ],
          [
           0.0322816452900048,
           0.048256783634190684,
           0.015915645887547486,
           -0.05709998569858972,
           0.3476696775864217,
           -0.044662587251918136,
           0.0061520537408247655,
           0.22202388330125636,
           1,
           0.019038817395674295,
           -0.04869728476607978,
           -0.08200124831850897,
           -0.0265191233362254,
           0.005066621418164128,
           -0.029921489395105604,
           -0.010450830800503495,
           -0.023752857342374784
          ],
          [
           -0.07069787311919341,
           -0.007310035095889388,
           0.007183975652998685,
           -0.021385588087483826,
           0.0005863712863413805,
           0.007512658771819468,
           0.010574329758764864,
           -0.030196685920727266,
           0.019038817395674295,
           1,
           -0.33526289701948797,
           -0.008745075887294678,
           -0.010673158998676532,
           0.00012559970224043947,
           -0.010539102802877096,
           -0.004676196162389354,
           -0.04973958273799895
          ],
          [
           0.13948886874557076,
           0.009448104991314163,
           -0.026935901725311788,
           0.042786975352854036,
           0.0017441143490765925,
           0.03782657664452304,
           0.05139295828660137,
           0.01924718746098039,
           -0.04869728476607978,
           -0.33526289701948797,
           1,
           0.5868077755417234,
           0.016132478462179155,
           -0.007261606425177564,
           0.005424758892571198,
           -0.007536635201982281,
           0.08068769994717358
          ],
          [
           0.18532936738414152,
           0.011192808034322455,
           -0.02299701061981066,
           0.04895701966917143,
           -0.006000451068129339,
           0.05202976537456148,
           0.05785752992461572,
           -0.005241024878924008,
           -0.08200124831850897,
           -0.008745075887294678,
           0.5868077755417234,
           1,
           0.028005819586792657,
           0.002302839112165281,
           0.01198238799449397,
           -0.003897040104631104,
           0.1079321440369686
          ],
          [
           0.013298015310870027,
           -0.0025397708705458106,
           0.0026431062150987037,
           0.0475100017158117,
           -0.027368775413079444,
           0.07317130234703963,
           0.09107598415662721,
           -0.04479932459508291,
           -0.0265191233362254,
           -0.010673158998676532,
           0.016132478462179155,
           0.028005819586792657,
           1,
           0.7156336619881779,
           0.8469380323623885,
           0.6541602428859286,
           0.003319974975953078
          ],
          [
           0.008407695619659976,
           -0.010394315510883139,
           0.0014430378708235705,
           0.008883743869347236,
           -0.0180175396377987,
           0.013311297621650876,
           0.026041540234183952,
           -0.031405470915381734,
           0.005066621418164128,
           0.00012559970224043947,
           -0.007261606425177564,
           0.002302839112165281,
           0.7156336619881779,
           1,
           0.6212284223081087,
           0.6249648754534302,
           0.011813094647532257
          ],
          [
           0.005340050843154128,
           -0.0021091991846041314,
           -0.0016969636854584746,
           0.03672979283151778,
           -0.026176659268867013,
           0.06638092435304306,
           0.06482344093226115,
           -0.040836434026088574,
           -0.029921489395105604,
           -0.010539102802877096,
           0.005424758892571198,
           0.01198238799449397,
           0.8469380323623885,
           0.6212284223081087,
           1,
           0.4853250012898287,
           0.00281812621708027
          ],
          [
           0.013228358004445431,
           0.0039033093072303885,
           -0.0010881564233982818,
           0.035106426439795294,
           -0.02070478098452184,
           0.049046343673802846,
           0.063030095137536,
           -0.03795944369296732,
           -0.010450830800503495,
           -0.004676196162389354,
           -0.007536635201982281,
           -0.003897040104631104,
           0.6541602428859286,
           0.6249648754534302,
           0.4853250012898287,
           1,
           0.011727505788926017
          ],
          [
           0.7180619403696856,
           0.046457641574981744,
           -0.020768797380149587,
           -0.05696573321087149,
           -0.06271364811043358,
           -0.06658709808555557,
           -0.07955365003265802,
           -0.09143020200671186,
           -0.023752857342374784,
           -0.04973958273799895,
           0.08068769994717358,
           0.1079321440369686,
           0.003319974975953078,
           0.011813094647532257,
           0.00281812621708027,
           0.011727505788926017,
           1
          ]
         ]
        }
       ],
       "layout": {
        "annotations": [
         {
          "font": {
           "color": "#000000"
          },
          "showarrow": false,
          "text": "1.0",
          "x": "text",
          "xref": "x",
          "y": "text",
          "yref": "y"
         },
         {
          "font": {
           "color": "#FFFFFF"
          },
          "showarrow": false,
          "text": "0.06",
          "x": "hour",
          "xref": "x",
          "y": "text",
          "yref": "y"
         },
         {
          "font": {
           "color": "#FFFFFF"
          },
          "showarrow": false,
          "text": "-0.03",
          "x": "dayofweek",
          "xref": "x",
          "y": "text",
          "yref": "y"
         },
         {
          "font": {
           "color": "#FFFFFF"
          },
          "showarrow": false,
          "text": "0.02",
          "x": "authorMeta.verified",
          "xref": "x",
          "y": "text",
          "yref": "y"
         },
         {
          "font": {
           "color": "#FFFFFF"
          },
          "showarrow": false,
          "text": "-0.07",
          "x": "authorMeta.following",
          "xref": "x",
          "y": "text",
          "yref": "y"
         },
         {
          "font": {
           "color": "#FFFFFF"
          },
          "showarrow": false,
          "text": "0.01",
          "x": "authorMeta.fans",
          "xref": "x",
          "y": "text",
          "yref": "y"
         },
         {
          "font": {
           "color": "#FFFFFF"
          },
          "showarrow": false,
          "text": "0.02",
          "x": "authorMeta.heart",
          "xref": "x",
          "y": "text",
          "yref": "y"
         },
         {
          "font": {
           "color": "#FFFFFF"
          },
          "showarrow": false,
          "text": "-0.08",
          "x": "authorMeta.video",
          "xref": "x",
          "y": "text",
          "yref": "y"
         },
         {
          "font": {
           "color": "#FFFFFF"
          },
          "showarrow": false,
          "text": "0.03",
          "x": "authorMeta.digg",
          "xref": "x",
          "y": "text",
          "yref": "y"
         },
         {
          "font": {
           "color": "#FFFFFF"
          },
          "showarrow": false,
          "text": "-0.07",
          "x": "musicMeta.musicOriginal",
          "xref": "x",
          "y": "text",
          "yref": "y"
         },
         {
          "font": {
           "color": "#FFFFFF"
          },
          "showarrow": false,
          "text": "0.14",
          "x": "musicMeta.duration",
          "xref": "x",
          "y": "text",
          "yref": "y"
         },
         {
          "font": {
           "color": "#FFFFFF"
          },
          "showarrow": false,
          "text": "0.19",
          "x": "videoMeta.duration",
          "xref": "x",
          "y": "text",
          "yref": "y"
         },
         {
          "font": {
           "color": "#FFFFFF"
          },
          "showarrow": false,
          "text": "0.01",
          "x": "diggCount",
          "xref": "x",
          "y": "text",
          "yref": "y"
         },
         {
          "font": {
           "color": "#FFFFFF"
          },
          "showarrow": false,
          "text": "0.01",
          "x": "shareCount",
          "xref": "x",
          "y": "text",
          "yref": "y"
         },
         {
          "font": {
           "color": "#FFFFFF"
          },
          "showarrow": false,
          "text": "0.01",
          "x": "playCount",
          "xref": "x",
          "y": "text",
          "yref": "y"
         },
         {
          "font": {
           "color": "#FFFFFF"
          },
          "showarrow": false,
          "text": "0.01",
          "x": "commentCount",
          "xref": "x",
          "y": "text",
          "yref": "y"
         },
         {
          "font": {
           "color": "#000000"
          },
          "showarrow": false,
          "text": "0.72",
          "x": "numHashtags",
          "xref": "x",
          "y": "text",
          "yref": "y"
         },
         {
          "font": {
           "color": "#FFFFFF"
          },
          "showarrow": false,
          "text": "0.06",
          "x": "text",
          "xref": "x",
          "y": "hour",
          "yref": "y"
         },
         {
          "font": {
           "color": "#000000"
          },
          "showarrow": false,
          "text": "1.0",
          "x": "hour",
          "xref": "x",
          "y": "hour",
          "yref": "y"
         },
         {
          "font": {
           "color": "#FFFFFF"
          },
          "showarrow": false,
          "text": "-0.02",
          "x": "dayofweek",
          "xref": "x",
          "y": "hour",
          "yref": "y"
         },
         {
          "font": {
           "color": "#FFFFFF"
          },
          "showarrow": false,
          "text": "0.02",
          "x": "authorMeta.verified",
          "xref": "x",
          "y": "hour",
          "yref": "y"
         },
         {
          "font": {
           "color": "#FFFFFF"
          },
          "showarrow": false,
          "text": "0.03",
          "x": "authorMeta.following",
          "xref": "x",
          "y": "hour",
          "yref": "y"
         },
         {
          "font": {
           "color": "#FFFFFF"
          },
          "showarrow": false,
          "text": "0.03",
          "x": "authorMeta.fans",
          "xref": "x",
          "y": "hour",
          "yref": "y"
         },
         {
          "font": {
           "color": "#FFFFFF"
          },
          "showarrow": false,
          "text": "0.05",
          "x": "authorMeta.heart",
          "xref": "x",
          "y": "hour",
          "yref": "y"
         },
         {
          "font": {
           "color": "#FFFFFF"
          },
          "showarrow": false,
          "text": "0.01",
          "x": "authorMeta.video",
          "xref": "x",
          "y": "hour",
          "yref": "y"
         },
         {
          "font": {
           "color": "#FFFFFF"
          },
          "showarrow": false,
          "text": "0.05",
          "x": "authorMeta.digg",
          "xref": "x",
          "y": "hour",
          "yref": "y"
         },
         {
          "font": {
           "color": "#FFFFFF"
          },
          "showarrow": false,
          "text": "-0.01",
          "x": "musicMeta.musicOriginal",
          "xref": "x",
          "y": "hour",
          "yref": "y"
         },
         {
          "font": {
           "color": "#FFFFFF"
          },
          "showarrow": false,
          "text": "0.01",
          "x": "musicMeta.duration",
          "xref": "x",
          "y": "hour",
          "yref": "y"
         },
         {
          "font": {
           "color": "#FFFFFF"
          },
          "showarrow": false,
          "text": "0.01",
          "x": "videoMeta.duration",
          "xref": "x",
          "y": "hour",
          "yref": "y"
         },
         {
          "font": {
           "color": "#FFFFFF"
          },
          "showarrow": false,
          "text": "-0.0",
          "x": "diggCount",
          "xref": "x",
          "y": "hour",
          "yref": "y"
         },
         {
          "font": {
           "color": "#FFFFFF"
          },
          "showarrow": false,
          "text": "-0.01",
          "x": "shareCount",
          "xref": "x",
          "y": "hour",
          "yref": "y"
         },
         {
          "font": {
           "color": "#FFFFFF"
          },
          "showarrow": false,
          "text": "-0.0",
          "x": "playCount",
          "xref": "x",
          "y": "hour",
          "yref": "y"
         },
         {
          "font": {
           "color": "#FFFFFF"
          },
          "showarrow": false,
          "text": "0.0",
          "x": "commentCount",
          "xref": "x",
          "y": "hour",
          "yref": "y"
         },
         {
          "font": {
           "color": "#FFFFFF"
          },
          "showarrow": false,
          "text": "0.05",
          "x": "numHashtags",
          "xref": "x",
          "y": "hour",
          "yref": "y"
         },
         {
          "font": {
           "color": "#FFFFFF"
          },
          "showarrow": false,
          "text": "-0.03",
          "x": "text",
          "xref": "x",
          "y": "dayofweek",
          "yref": "y"
         },
         {
          "font": {
           "color": "#FFFFFF"
          },
          "showarrow": false,
          "text": "-0.02",
          "x": "hour",
          "xref": "x",
          "y": "dayofweek",
          "yref": "y"
         },
         {
          "font": {
           "color": "#000000"
          },
          "showarrow": false,
          "text": "1.0",
          "x": "dayofweek",
          "xref": "x",
          "y": "dayofweek",
          "yref": "y"
         },
         {
          "font": {
           "color": "#FFFFFF"
          },
          "showarrow": false,
          "text": "-0.02",
          "x": "authorMeta.verified",
          "xref": "x",
          "y": "dayofweek",
          "yref": "y"
         },
         {
          "font": {
           "color": "#FFFFFF"
          },
          "showarrow": false,
          "text": "0.01",
          "x": "authorMeta.following",
          "xref": "x",
          "y": "dayofweek",
          "yref": "y"
         },
         {
          "font": {
           "color": "#FFFFFF"
          },
          "showarrow": false,
          "text": "-0.01",
          "x": "authorMeta.fans",
          "xref": "x",
          "y": "dayofweek",
          "yref": "y"
         },
         {
          "font": {
           "color": "#FFFFFF"
          },
          "showarrow": false,
          "text": "-0.02",
          "x": "authorMeta.heart",
          "xref": "x",
          "y": "dayofweek",
          "yref": "y"
         },
         {
          "font": {
           "color": "#FFFFFF"
          },
          "showarrow": false,
          "text": "0.02",
          "x": "authorMeta.video",
          "xref": "x",
          "y": "dayofweek",
          "yref": "y"
         },
         {
          "font": {
           "color": "#FFFFFF"
          },
          "showarrow": false,
          "text": "0.02",
          "x": "authorMeta.digg",
          "xref": "x",
          "y": "dayofweek",
          "yref": "y"
         },
         {
          "font": {
           "color": "#FFFFFF"
          },
          "showarrow": false,
          "text": "0.01",
          "x": "musicMeta.musicOriginal",
          "xref": "x",
          "y": "dayofweek",
          "yref": "y"
         },
         {
          "font": {
           "color": "#FFFFFF"
          },
          "showarrow": false,
          "text": "-0.03",
          "x": "musicMeta.duration",
          "xref": "x",
          "y": "dayofweek",
          "yref": "y"
         },
         {
          "font": {
           "color": "#FFFFFF"
          },
          "showarrow": false,
          "text": "-0.02",
          "x": "videoMeta.duration",
          "xref": "x",
          "y": "dayofweek",
          "yref": "y"
         },
         {
          "font": {
           "color": "#FFFFFF"
          },
          "showarrow": false,
          "text": "0.0",
          "x": "diggCount",
          "xref": "x",
          "y": "dayofweek",
          "yref": "y"
         },
         {
          "font": {
           "color": "#FFFFFF"
          },
          "showarrow": false,
          "text": "0.0",
          "x": "shareCount",
          "xref": "x",
          "y": "dayofweek",
          "yref": "y"
         },
         {
          "font": {
           "color": "#FFFFFF"
          },
          "showarrow": false,
          "text": "-0.0",
          "x": "playCount",
          "xref": "x",
          "y": "dayofweek",
          "yref": "y"
         },
         {
          "font": {
           "color": "#FFFFFF"
          },
          "showarrow": false,
          "text": "-0.0",
          "x": "commentCount",
          "xref": "x",
          "y": "dayofweek",
          "yref": "y"
         },
         {
          "font": {
           "color": "#FFFFFF"
          },
          "showarrow": false,
          "text": "-0.02",
          "x": "numHashtags",
          "xref": "x",
          "y": "dayofweek",
          "yref": "y"
         },
         {
          "font": {
           "color": "#FFFFFF"
          },
          "showarrow": false,
          "text": "0.02",
          "x": "text",
          "xref": "x",
          "y": "authorMeta.verified",
          "yref": "y"
         },
         {
          "font": {
           "color": "#FFFFFF"
          },
          "showarrow": false,
          "text": "0.02",
          "x": "hour",
          "xref": "x",
          "y": "authorMeta.verified",
          "yref": "y"
         },
         {
          "font": {
           "color": "#FFFFFF"
          },
          "showarrow": false,
          "text": "-0.02",
          "x": "dayofweek",
          "xref": "x",
          "y": "authorMeta.verified",
          "yref": "y"
         },
         {
          "font": {
           "color": "#000000"
          },
          "showarrow": false,
          "text": "1.0",
          "x": "authorMeta.verified",
          "xref": "x",
          "y": "authorMeta.verified",
          "yref": "y"
         },
         {
          "font": {
           "color": "#FFFFFF"
          },
          "showarrow": false,
          "text": "-0.04",
          "x": "authorMeta.following",
          "xref": "x",
          "y": "authorMeta.verified",
          "yref": "y"
         },
         {
          "font": {
           "color": "#000000"
          },
          "showarrow": false,
          "text": "0.38",
          "x": "authorMeta.fans",
          "xref": "x",
          "y": "authorMeta.verified",
          "yref": "y"
         },
         {
          "font": {
           "color": "#000000"
          },
          "showarrow": false,
          "text": "0.45",
          "x": "authorMeta.heart",
          "xref": "x",
          "y": "authorMeta.verified",
          "yref": "y"
         },
         {
          "font": {
           "color": "#FFFFFF"
          },
          "showarrow": false,
          "text": "0.09",
          "x": "authorMeta.video",
          "xref": "x",
          "y": "authorMeta.verified",
          "yref": "y"
         },
         {
          "font": {
           "color": "#FFFFFF"
          },
          "showarrow": false,
          "text": "-0.06",
          "x": "authorMeta.digg",
          "xref": "x",
          "y": "authorMeta.verified",
          "yref": "y"
         },
         {
          "font": {
           "color": "#FFFFFF"
          },
          "showarrow": false,
          "text": "-0.02",
          "x": "musicMeta.musicOriginal",
          "xref": "x",
          "y": "authorMeta.verified",
          "yref": "y"
         },
         {
          "font": {
           "color": "#FFFFFF"
          },
          "showarrow": false,
          "text": "0.04",
          "x": "musicMeta.duration",
          "xref": "x",
          "y": "authorMeta.verified",
          "yref": "y"
         },
         {
          "font": {
           "color": "#FFFFFF"
          },
          "showarrow": false,
          "text": "0.05",
          "x": "videoMeta.duration",
          "xref": "x",
          "y": "authorMeta.verified",
          "yref": "y"
         },
         {
          "font": {
           "color": "#FFFFFF"
          },
          "showarrow": false,
          "text": "0.05",
          "x": "diggCount",
          "xref": "x",
          "y": "authorMeta.verified",
          "yref": "y"
         },
         {
          "font": {
           "color": "#FFFFFF"
          },
          "showarrow": false,
          "text": "0.01",
          "x": "shareCount",
          "xref": "x",
          "y": "authorMeta.verified",
          "yref": "y"
         },
         {
          "font": {
           "color": "#FFFFFF"
          },
          "showarrow": false,
          "text": "0.04",
          "x": "playCount",
          "xref": "x",
          "y": "authorMeta.verified",
          "yref": "y"
         },
         {
          "font": {
           "color": "#FFFFFF"
          },
          "showarrow": false,
          "text": "0.04",
          "x": "commentCount",
          "xref": "x",
          "y": "authorMeta.verified",
          "yref": "y"
         },
         {
          "font": {
           "color": "#FFFFFF"
          },
          "showarrow": false,
          "text": "-0.06",
          "x": "numHashtags",
          "xref": "x",
          "y": "authorMeta.verified",
          "yref": "y"
         },
         {
          "font": {
           "color": "#FFFFFF"
          },
          "showarrow": false,
          "text": "-0.07",
          "x": "text",
          "xref": "x",
          "y": "authorMeta.following",
          "yref": "y"
         },
         {
          "font": {
           "color": "#FFFFFF"
          },
          "showarrow": false,
          "text": "0.03",
          "x": "hour",
          "xref": "x",
          "y": "authorMeta.following",
          "yref": "y"
         },
         {
          "font": {
           "color": "#FFFFFF"
          },
          "showarrow": false,
          "text": "0.01",
          "x": "dayofweek",
          "xref": "x",
          "y": "authorMeta.following",
          "yref": "y"
         },
         {
          "font": {
           "color": "#FFFFFF"
          },
          "showarrow": false,
          "text": "-0.04",
          "x": "authorMeta.verified",
          "xref": "x",
          "y": "authorMeta.following",
          "yref": "y"
         },
         {
          "font": {
           "color": "#000000"
          },
          "showarrow": false,
          "text": "1.0",
          "x": "authorMeta.following",
          "xref": "x",
          "y": "authorMeta.following",
          "yref": "y"
         },
         {
          "font": {
           "color": "#FFFFFF"
          },
          "showarrow": false,
          "text": "-0.02",
          "x": "authorMeta.fans",
          "xref": "x",
          "y": "authorMeta.following",
          "yref": "y"
         },
         {
          "font": {
           "color": "#FFFFFF"
          },
          "showarrow": false,
          "text": "-0.05",
          "x": "authorMeta.heart",
          "xref": "x",
          "y": "authorMeta.following",
          "yref": "y"
         },
         {
          "font": {
           "color": "#FFFFFF"
          },
          "showarrow": false,
          "text": "0.28",
          "x": "authorMeta.video",
          "xref": "x",
          "y": "authorMeta.following",
          "yref": "y"
         },
         {
          "font": {
           "color": "#000000"
          },
          "showarrow": false,
          "text": "0.35",
          "x": "authorMeta.digg",
          "xref": "x",
